1009147
1009155
1009192
1009193
1009194
1009221
1009222
1009263
1009264
1009289
1009300
1009319
1009323
1009352
1009353
1009354
1009369
1009370
1009400
1009419
1009426
1009428
1009429
1009431
1009432
1009467
1009516
1009518
1009521
1009540
1009563
1009564
1009593
1009611
1009612
1009613
1009634
1009649
1009665
1012165
1012959
1012694
1011263
1010745
1014209
1010401
1014597
1014895
1012056
1011326
1010998
1013688
1013560
1013750
1009635
1009943
1011520
1011021
1013863
1013664
1011617
1012316
1014959
1009997
1013623
1010429
1012499
1011151
1009203
1010211
1009902
1011623
1010557
1012706
1011463
1012909
1013983
1012642
1013815
1014281
1011979
1012366
1011314
1011756
1011726
1009486
1014501
1010109
1009390
1014942
1014161
1014767
1011909
1014739
1011067
1014376
1011782
1010438
1014874
1013881
1010279
1014160
1013101
1014494
1014174
1011110
1011764
1011953
1012812
1011576
1010055
1011473
1013599
1011895
1009801
1011334
1014426
1010619
1013275
1011295
1013823
1009987
1009962
1013868
1011039
1011262
1013311
1012665
1012835
1011509
1012702
1015017
1014369
1010501
1012559
1012758
1012864
1013621
1009866
1013851
1012062
1011020
1010919
1014915
1012136
1014163
1010250
1012819
1010536
1011503
1009748
1012899
1011085
